10 21
3871 4217 4205 4076 4004 4058 3497 3770 4184 4193 3932 3780 4083 3892 3993 3860 3672 3974 3867 3926 4019 
4043 3979 3901 4166 3998 3565 3489 3932 4184 3631 3895 3816 4095 3791 3942 3878 3655 3963 3602 3887 4001 
4239 4377 4493 4365 4391 4134 4081 4374 4541 4426 4435 4344 4522 4040 4289 4098 3895 4236 4139 4188 4316 
4251 4118 4419 4428 4216 4051 3919 4281 4489 4409 4190 4400 4329 4328 4220 3972 3978 4465 4348 3895 4080 
4092 4304 4058 4096 4259 4112 3978 4105 4400 4085 4191 4245 4278 4143 4009 4242 3697 4278 4250 4282 4201 
4257 4292 3946 4131 4039 3764 3535 4202 4263 4376 4055 4114 3936 4121 4122 3948 3732 4125 3907 4024 4079 
4114 4293 4102 4055 4233 3854 3827 4176 4303 3987 4253 4181 4408 3982 4016 3836 3758 3974 4067 3997 4102 
4029 4237 4098 4001 4197 4025 3781 3841 4112 4152 3904 4120 4360 3974 3890 4052 3748 4175 3894 3955 3911 
3722 4012 3805 4127 3757 3769 3411 3726 3736 3773 3922 3651 3973 3795 3822 3584 3347 3944 3604 3694 3898 
3871 3902 3886 3988 3724 3890 3411 3750 4091 3824 3847 3596 4086 3816 3754 3620 3345 3640 3346 3722 3765 
